1
('troop', [0.00246, 0.00113, 0, 0, 0, 0.00015, 0, 0, 0, 0])
('jeems', [0.00214, 0.00025, 0, 0, 0, 0, 0, 0, 0, 0])
('andrew', [0.00135, 9e-05, 0, 0, 6e-05, 0, 0, 0, 0, 0])
('valet', [0.00132, 0, 0, 0, 7e-05, 0, 0, 0, 0, 0])
('stuart', [0.00124, 0.00053, 7e-05, 9e-05, 0, 5e-05, 0, 2e-05, 0.00011, 0])
('poker', [0.00123, 0, 0.00011, 0, 0, 0, 0, 0.00021, 0, 0])
('coastal', [0.00118, 0, 0, 0, 0, 0, 0, 0, 0, 0])
('inland', [0.00118, 0, 0, 0, 0, 0, 0, 0, 0, 0])
("y'all", [0.00115, 0, 0, 0, 0, 0.00041, 0, 0, 0, 0])
('james', [0.00103, 0.00014, 0, 0, 4e-05, 0, 0, 0, 0.00012, 0])
1b
('betty', [0, 0.00127, 0, 0, 0, 0, 0, 0, 0, 0])
('troop', [0.00246, 0.00113, 0, 0, 0, 0.00015, 0, 0, 0, 0])
('arbor', [0, 0.00076, 0, 0, 0, 8e-05, 0, 0, 0, 0.00019])
("honey's", [0, 0.00076, 0, 0, 0, 0, 0, 6e-05, 0, 0])
('stentor', [0, 0.00072, 0, 0, 0, 0, 0, 0, 0, 0])
('muslin', [0.00016, 0.00063, 0, 0, 0, 0, 0, 0, 0, 0])
('wedding', [0, 0.0006, 0.00033, 0.0003, 0, 3e-05, 0.00031, 5e-05, 0, 0])
('nellie', [0, 0.00057, 0, 0, 0.00033, 0.00015, 0, 0, 0, 0])
('eats', [0, 0.00054, 0, 0, 0, 0, 0, 0, 0, 0])
('meats', [0, 0.00054, 0, 0, 0, 0, 0, 0, 0, 0])
2
('booth', [0, 0, 0.00488, 0, 0, 0, 0, 0, 0, 0])
('platform', [0, 0, 0.00191, 0, 0, 0, 0, 0, 0, 0])
('committee', [0, 0, 0.0017, 0, 0, 0, 0, 0, 0, 0])
('booths', [0, 0, 0.0017, 0, 0, 0, 0, 0, 0, 0])
('hospital', [0, 0, 0.0016, 0.00072, 0.00051, 0, 9e-05, 2e-05, 3e-05, 0])
('chaperons', [0, 0, 0.00127, 0, 0, 0, 0, 0, 0, 0])
('counter', [0, 0, 0.00093, 0, 0, 0, 0.00021, 6e-05, 0.00012, 0])
('bazaar', [0, 0, 0.00093, 0.00038, 0, 0, 4e-05, 0, 0, 7e-05])
('waltz', [0.00012, 9e-05, 0.00089, 0, 0, 0, 0, 0, 0, 0])
('famous', [0, 0, 0.00089, 0.00013, 0, 0, 0, 0, 0, 0])
2b
('pennsylvania', [0, 0, 0, 0.00191, 0, 0, 0, 0, 0, 0])
('wilmington', [0, 0, 0, 0.00133, 7e-05, 0, 0, 0, 0, 0])
('speculators', [0, 0, 0, 0.0012, 0, 0, 0, 0, 0.0001, 0])
('prices', [0, 0, 0, 0.00106, 0, 0, 0.00021, 0.0001, 0, 7e-05])
('boats', [0, 0, 0.00011, 0.001, 0, 0, 0, 4e-05, 0, 0])
('lists', [0, 0, 0, 0.001, 0, 8e-05, 0, 4e-05, 0, 0])
('betrayed', [0, 0, 0, 0.00095, 0, 0, 0, 0, 0, 0])
('chancellorsville', [0, 0, 0, 0.00095, 0, 0, 0, 0, 0, 0])
('heroes', [0, 0, 0, 0.0008, 0, 0, 7e-05, 0, 0, 0])
('victory', [0, 0, 0.00026, 0.0008, 0.00013, 0, 3e-05, 0, 0, 6e-05])
3
('wagon', [0, 4e-05, 9e-05, 0, 0.00129, 0.00036, 0.00021, 0.00039, 0, 0])
('kennesaw', [0, 0, 0, 0, 0.00126, 0, 0, 0, 0, 0])
('pits', [0, 0.00038, 0, 0, 0.00118, 0, 0, 0, 0, 0])
('johnston', [0, 0, 0, 0, 0.00117, 6e-05, 0, 0.0001, 6e-05, 0])
('wounded', [0, 0, 0.00057, 0.00055, 0.00115, 0, 9e-05, 0.00012, 0.0001, 0])
('dalton', [0, 0, 0, 0, 0.0011, 0, 0, 0.00013, 0, 0.0001])
('rifle', [0, 0, 0.00011, 0, 0.00105, 0, 0, 8e-05, 0, 0])
('cannon', [0, 5e-05, 0.00013, 0, 0.00089, 4e-05, 0.00013, 0, 0, 0])
('retreat', [0, 5e-05, 0, 6e-05, 0.00086, 0, 3e-05, 2e-05, 0, 0])
('gourd', [0, 0, 0, 0, 0.00074, 0, 0, 0, 0, 0])
3b
('sow', [0, 0, 0, 0, 0, 0.00124, 6e-05, 0, 8e-05, 0])
('grandma', [0, 0.00016, 6e-05, 0, 0, 0.00116, 6e-05, 0.00065, 0, 0])
('sergeant', [0, 0, 0, 0, 0.00017, 0.00093, 0, 0.00013, 0, 0])
('carreen', [0.00011, 0.00036, 0, 3e-05, 0.00016, 0.00092, 5e-05, 0.00021, 0, 0])
('pigs', [0, 0, 0, 0, 0, 0.00089, 0, 0, 0, 0])
('wallet', [9e-05, 0, 0.00017, 0, 0, 0.00088, 0, 3e-05, 0, 0])
('cow', [9e-05, 0, 0, 0, 0.00071, 0.00088, 4e-05, 0, 0, 0])
('mimosa', [0, 9e-05, 0, 0, 0, 0.00085, 6e-05, 0, 0, 0])
('perteck', [0, 0, 0, 0, 0, 0.00074, 0, 0, 0, 0])
('macom', [0, 0, 0, 0, 0, 0.00074, 0, 0, 0, 0])
4
('ze', [0, 0, 0, 0, 0, 0, 0.00171, 0.00039, 0, 0])
('vote', [0, 0, 0, 0, 0, 0, 0.00139, 0.00034, 0.00038, 0])
('taxes', [7e-05, 0, 0, 0, 0, 0.00022, 0.00109, 0.00019, 0.00013, 0])
('mill', [0, 0, 0, 0.00011, 0, 0, 0.00106, 0.00114, 0.00026, 0.00044])
('sawmill', [0, 0, 0, 0, 0, 0, 0.00104, 0.00028, 0, 0])
('wilkerson', [0, 0.00043, 0, 0, 0, 0.00012, 0.00093, 3e-05, 0, 0])
('mortgage', [0, 0, 0, 0, 0, 0, 0.00085, 0, 0, 0])
('lumber', [0, 0, 0, 0, 0, 0, 0.00076, 0.00118, 0.0011, 0.00015])
('bureau', [0, 0, 0, 0, 0, 0.00012, 0.00072, 0.00019, 6e-05, 0])
('tony', [0.0001, 8e-05, 0, 0.00013, 0, 0.00023, 0.00068, 0.00016, 0, 0])
4b
('archie', [0, 0, 0, 0, 0, 0, 0, 0.0041, 0.00243, 0])
('lumber', [0, 0, 0, 0, 0, 0, 0.00076, 0.00118, 0.0011, 0.00015])
('convicts', [0, 0, 0, 0, 0, 0.00012, 0, 0.00118, 0.00035, 0.00044])
('mill', [0, 0, 0, 0.00011, 0, 0, 0.00106, 0.00114, 0.00026, 0.00044])
('sam', [0, 7e-05, 0, 0, 0.00034, 6e-05, 0, 0.00112, 0, 0])
('shantytown', [0, 0, 0, 0, 0, 0, 0, 0.00104, 0, 0])
('johnnie', [0, 0, 0, 0, 0, 0, 4e-05, 0.00096, 0.00029, 0.00029])
('miz', [0, 9e-05, 0, 0, 0, 0, 0, 0.00092, 8e-05, 0])
('tommy', [0, 0, 0, 0, 0, 0, 0.00061, 0.00088, 0.00015, 0])
("archie's", [0, 0, 0, 0, 0, 0, 0, 0.00088, 0, 0])
5
('archie', [0, 0, 0, 0, 0, 0, 0, 0.0041, 0.00243, 0])
('bonnie', [0, 0, 0.00013, 0, 0, 0, 3e-05, 2e-05, 0.00197, 0.00321])
('lou', [0, 0, 0, 0, 0, 0, 0, 0, 0.00131, 0])
("bonnie's", [0, 0, 0, 0, 0, 0, 0, 0, 0.00122, 0.00206])
('reception', [0, 0, 0, 0, 0, 0, 0.00011, 0, 0.00121, 0.0001])
('ella', [0, 0, 0, 0, 0, 0, 0, 0.0005, 0.00121, 0.00154])
('lumber', [0, 0, 0, 0, 0, 0, 0.00076, 0.00118, 0.0011, 0.00015])
('bullock', [0, 0, 0, 0, 0, 0, 0, 0.00017, 0.00099, 0.00067])
('national', [0, 0, 0, 0, 0, 0, 0, 0, 0.00087, 0])
('republicans', [0, 0, 0, 0, 0, 0, 8e-05, 0.00013, 0.00081, 0.00059])
5b
('bonnie', [0, 0, 0.00013, 0, 0, 0, 3e-05, 2e-05, 0.00197, 0.00321])
("bonnie's", [0, 0, 0, 0, 0, 0, 0, 0, 0.00122, 0.00206])
('ella', [0, 0, 0, 0, 0, 0, 0, 0.0005, 0.00121, 0.00154])
('dahk', [0, 0, 0, 0, 0.00015, 0, 0, 0, 0, 0.00141])
("fune'l", [0, 0, 0, 0, 0, 0, 0, 0, 0, 0.00129])
("an'", [0.0002, 0.00026, 0.00013, 0, 0.00044, 0.0002, 0.00022, 0.0003, 5e-05, 0.00094])
('termorrer', [0, 0, 0, 0, 0, 0, 0, 0, 0, 0.00092])
("stan'", [0, 0, 0, 0, 0, 0, 0, 0.00011, 0, 0.0009])
('pony', [9e-05, 0, 0, 8e-05, 0, 0, 0, 0, 6e-05, 0.00081])
("do'", [0, 0, 0, 0, 0, 0, 7e-05, 0, 0, 0.00077])
