0
1
2
3
4
5
6
7
8
9
0
0 1 0 10000 0.0
0 1 0.00014407664877714944
0 2 1 10000 0.0001
0 2 3.912669222943892e-05
0 3 0 10000 0.0
0 3 1.790221808482071e-05
0 4 0 10000 0.0
0 4 3.907980095354714e-05
0 5 3 10000 0.0003
0 5 0.0002874205601507361
0 6 2 10000 0.0002
0 6 4.844198466811185e-05
0 7 1 10000 0.0001
0 7 4.959923815570193e-05
0 8 0 10000 0.0
0 8 2.9927127444672223e-05
0 9 0 10000 0.0
0 9 3.485474285913456e-05
1
1 2 3 10000 0.0003
1 2 0.00017140898183064793
1 3 0 10000 0.0
1 3 1.585012125342759e-05
1 4 2 10000 0.0002
1 4 0.00015478401676429965
1 5 1 10000 0.0001
1 5 2.862294988121476e-05
1 6 1 10000 0.0001
1 6 5.567680726916396e-05
1 7 0 10000 0.0
1 7 0.00013885031935573453
1 8 0 10000 0.0
1 8 8.101867480454245e-05
1 9 0 10000 0.0
1 9 0.00012382559165415513
2
2 3 2 10000 0.0002
2 3 6.817562039814562e-05
2 4 0 10000 0.0
2 4 8.796401015356003e-05
2 5 0 10000 0.0
2 5 1.5276738110878564e-05
2 6 0 10000 0.0
2 6 7.02683078220338e-05
2 7 3 10000 0.0003
2 7 0.00013511557206968104
2 8 0 10000 0.0
2 8 5.7435779618913604e-05
2 9 0 10000 0.0
2 9 6.645070188553867e-05
3
3 4 0 10000 0.0
3 4 3.5577059911768894e-05
3 5 0 10000 0.0
3 5 4.273565150500719e-05
3 6 0 10000 0.0
3 6 6.657124787804147e-05
3 7 1 10000 0.0001
3 7 7.382593689728044e-05
3 8 1 10000 0.0001
3 8 5.377428244941857e-05
3 9 0 10000 0.0
3 9 0.0
4
4 5 0 10000 0.0
4 5 3.292795363744128e-05
4 6 2 10000 0.0002
4 6 0.00026122596045579424
4 7 0 10000 0.0
4 7 4.641304515989294e-05
4 8 1 10000 0.0001
4 8 7.345919341805627e-05
4 9 1 10000 0.0001
4 9 9.319447356771743e-05
5
5 6 2 10000 0.0002
5 6 4.127328070990043e-05
5 7 0 10000 0.0
5 7 6.947640841706687e-05
5 8 0 10000 0.0
5 8 8.624300815612449e-05
5 9 2 10000 0.0002
5 9 0.00012549500808745607
6
6 7 2 10000 0.0002
6 7 0.00018509880574250535
6 8 0 10000 0.0
6 8 9.891588193400332e-05
6 9 3 10000 0.0003
6 9 0.00013093861161425486
7
7 8 1 10000 0.0001
7 8 0.00018437814280925242
7 9 0 10000 0.0
7 9 7.280272282183354e-05
8
8 9 3 10000 0.0003
8 9 0.00019763627020830864
9