250

0
0 1 0 250 0.0
0 1 0.00014407664877714944
0 2 0 250 0.0
0 2 3.912669222943892e-05
0 3 0 250 0.0
0 3 1.790221808482071e-05
0 4 0 250 0.0
0 4 3.907980095354714e-05
0 5 0 250 0.0
0 5 0.0002874205601507361
0 6 0 250 0.0
0 6 4.844198466811185e-05
0 7 0 250 0.0
0 7 4.959923815570193e-05
0 8 0 250 0.0
0 8 2.9927127444672223e-05
0 9 0 250 0.0
0 9 3.485474285913456e-05
0 10 95 250 0.38
0 10 0.4348945671942809
1
1 2 0 250 0.0
1 2 0.00017140898183064793
1 3 0 250 0.0
1 3 1.585012125342759e-05
1 4 0 250 0.0
1 4 0.00015478401676429965
1 5 0 250 0.0
1 5 2.862294988121476e-05
1 6 0 250 0.0
1 6 5.567680726916396e-05
1 7 0 250 0.0
1 7 0.00013885031935573453
1 8 0 250 0.0
1 8 8.101867480454245e-05
1 9 0 250 0.0
1 9 0.00012382559165415513
1 10 155 250 0.62
1 10 0.5651234401166874

100

0 1 0 100 0.0
0 1 0.00014407664877714944
0 2 0 100 0.0
0 2 3.912669222943892e-05
0 3 0 100 0.0
0 3 1.790221808482071e-05
0 4 0 100 0.0
0 4 3.907980095354714e-05
0 5 0 100 0.0
0 5 0.0002874205601507361
0 6 0 100 0.0
0 6 4.844198466811185e-05
0 7 0 100 0.0
0 7 4.959923815570193e-05
0 8 0 100 0.0
0 8 2.9927127444672223e-05
0 9 0 100 0.0
0 9 3.485474285913456e-05
0 10 43 100 0.43
0 10 0.4348945671942809
1
1 2 0 100 0.0
1 2 0.00017140898183064793
1 3 0 100 0.0
1 3 1.585012125342759e-05
1 4 0 100 0.0
1 4 0.00015478401676429965
1 5 0 100 0.0
1 5 2.862294988121476e-05
1 6 0 100 0.0
1 6 5.567680726916396e-05
1 7 0 100 0.0
1 7 0.00013885031935573453
1 8 0 100 0.0
1 8 8.101867480454245e-05
1 9 0 100 0.0
1 9 0.00012382559165415513
1 10 57 100 0.57
1 10 0.5651234401166874

50

0 1 0 50 0.0
0 1 0.00014407664877714944
0 2 0 50 0.0
0 2 3.912669222943892e-05
0 3 0 50 0.0
0 3 1.790221808482071e-05
0 4 0 50 0.0
0 4 3.907980095354714e-05
0 5 0 50 0.0
0 5 0.0002874205601507361
0 6 0 50 0.0
0 6 4.844198466811185e-05
0 7 0 50 0.0
0 7 4.959923815570193e-05
0 8 0 50 0.0
0 8 2.9927127444672223e-05
0 9 0 50 0.0
0 9 3.485474285913456e-05
0 10 19 50 0.38
0 10 0.4348945671942809
1
1 2 0 50 0.0
1 2 0.00017140898183064793
1 3 0 50 0.0
1 3 1.585012125342759e-05
1 4 0 50 0.0
1 4 0.00015478401676429965
1 5 0 50 0.0
1 5 2.862294988121476e-05
1 6 0 50 0.0
1 6 5.567680726916396e-05
1 7 0 50 0.0
1 7 0.00013885031935573453
1 8 0 50 0.0
1 8 8.101867480454245e-05
1 9 0 50 0.0
1 9 0.00012382559165415513
1 10 31 50 0.62
1 10 0.5651234401166874

250_2
0 1 0 250 0.0
0 1 0.00014407664877714944
0 2 0 250 0.0
0 2 3.912669222943892e-05
0 3 0 250 0.0
0 3 1.790221808482071e-05
0 4 0 250 0.0
0 4 3.907980095354714e-05
0 5 0 250 0.0
0 5 0.0002874205601507361
0 6 0 250 0.0
0 6 4.844198466811185e-05
0 7 0 250 0.0
0 7 4.959923815570193e-05
0 8 0 250 0.0
0 8 2.9927127444672223e-05
0 9 0 250 0.0
0 9 3.485474285913456e-05
0 10 121 250 0.484
0 10 0.4348945671942809
1
1 2 0 250 0.0
1 2 0.00017140898183064793
1 3 0 250 0.0
1 3 1.585012125342759e-05
1 4 0 250 0.0
1 4 0.00015478401676429965
1 5 0 250 0.0
1 5 2.862294988121476e-05
1 6 0 250 0.0
1 6 5.567680726916396e-05
1 7 0 250 0.0
1 7 0.00013885031935573453
1 8 0 250 0.0
1 8 8.101867480454245e-05
1 9 0 250 0.0
1 9 0.00012382559165415513
1 10 129 250 0.516
1 10 0.5651234401166874


